0.000000000000000 0.000000000000000 0.000000000000000
0.000000000000029 0.000000002637499 0.000000002637499
0.000000000000116 0.000000005260010 0.000000005260012
0.000000000000260 0.000000007852633 0.000000007852636
0.000000000000460 0.000000010400636 0.000000010400640
0.000000000000713 0.000000012889541 0.000000012889545
0.000000000001016 0.000000015305204 0.000000015305210
0.000000000001366 0.000000017633901 0.000000017633907
0.000000000001759 0.000000019862398 0.000000019862405
0.000000000002190 0.000000021978034 0.000000021978040
0.000000000002655 0.000000023968786 0.000000023968792
0.000000000003148 0.000000025823342 0.000000025823349
0.000000000003664 0.000000027531165 0.000000027531172
0.000000000004196 0.000000029082550 0.000000029082557
0.000000000004737 0.000000030468684 0.000000030468690
0.000000000005282 0.000000031681687 0.000000031681694
0.000000000005823 0.000000032714670 0.000000032714675
0.000000000006353 0.000000033561761 0.000000033561766
0.000000000006866 0.000000034218147 0.000000034218152
0.000000000007354 0.000000034680099 0.000000034680103
0.000000000007811 0.000000034944993 0.000000034944995
0.000000000008230 0.000000035011322 0.000000035011323
0.000000000008604 0.000000034878710 0.000000034878709
0.000000000008926 0.000000034547909 0.000000034547908
0.000000000009192 0.000000034020800 0.000000034020798
0.000000000009395 0.000000033300381 0.000000033300376
0.000000000009530 0.000000032390741 0.000000032390734
0.000000000009592 0.000000031297049 0.000000031297042
0.000000000009577 0.000000030025522 0.000000030025513
0.000000000009482 0.000000028583385 0.000000028583374
0.000000000009304 0.000000026978830 0.000000026978818
0.000000000009040 0.000000025220977 0.000000025220963
0.000000000008689 0.000000023319814 0.000000023319798
0.000000000008249 0.000000021286143 0.000000021286125
0.000000000007721 0.000000019131519 0.000000019131499
0.000000000007106 0.000000016868187 0.000000016868165
0.000000000006403 0.000000014509006 0.000000014508983
0.000000000005617 0.000000012067382 0.000000012067357
0.000000000004749 0.000000009557189 0.000000009557163
0.000000000003803 0.000000006992690 0.000000006992663
0.000000000002783 0.000000004388458 0.000000004388429
0.000000000001696 0.000000001759289 0.000000001759259
0.000000000000545 -0.000000000879876 -0.000000000879907
-0.000000000000661 -0.000000003514041 -0.000000003514074
-0.000000000001917 -0.000000006128239 -0.000000006128273
-0.000000000003213 -0.000000008707615 -0.000000008707649
-0.000000000004543 -0.000000011237512 -0.000000011237548
-0.000000000005897 -0.000000013703557 -0.000000013703592
-0.000000000007265 -0.000000016091734 -0.000000016091769
-0.000000000008640 -0.000000018388475 -0.000000018388510
-0.000000000010010 -0.000000020580728 -0.000000020580764
-0.000000000011365 -0.000000022656039 -0.000000022656074
-0.000000000012696 -0.000000024602613 -0.000000024602648
-0.000000000013991 -0.000000026409390 -0.000000026409424
-0.000000000015241 -0.000000028066104 -0.000000028066137
-0.000000000016435 -0.000000029563340 -0.000000029563372
-0.000000000017563 -0.000000030892593 -0.000000030892622
-0.000000000018614 -0.000000032046309 -0.000000032046334
-0.000000000019579 -0.000000033017930 -0.000000033017953
-0.000000000020449 -0.000000033801935 -0.000000033801957
-0.000000000021215 -0.000000034393874 -0.000000034393892
-0.000000000021868 -0.000000034790379 -0.000000034790393
-0.000000000022400 -0.000000034989199 -0.000000034989209
-0.000000000022804 -0.000000034989203 -0.000000034989209
-0.000000000023074 -0.000000034790389 -0.000000034790393
-0.000000000023204 -0.000000034393892 -0.000000034393892
-0.000000000023189 -0.000000033801960 -0.000000033801957
-0.000000000023025 -0.000000033017962 -0.000000033017953
-0.000000000022710 -0.000000032046348 -0.000000032046334
-0.000000000022240 -0.000000030892640 -0.000000030892622
-0.000000000021614 -0.000000029563394 -0.000000029563372
-0.000000000020834 -0.000000028066163 -0.000000028066137
-0.000000000019899 -0.000000026409454 -0.000000026409424
-0.000000000018812 -0.000000024602681 -0.000000024602648
-0.000000000017576 -0.000000022656112 -0.000000022656074
-0.000000000016194 -0.000000020580805 -0.000000020580764
-0.000000000014673 -0.000000018388555 -0.000000018388510
-0.000000000013019 -0.000000016091818 -0.000000016091769
-0.000000000011239 -0.000000013703644 -0.000000013703592
-0.000000000009341 -0.000000011237602 -0.000000011237548
-0.000000000007334 -0.000000008707707 -0.000000008707649
-0.000000000005229 -0.000000006128333 -0.000000006128273
-0.000000000003038 -0.000000003514136 -0.000000003514074
-0.000000000000770 -0.000000000879972 -0.000000000879907
0.000000000001560 0.000000001759193 0.000000001759259
0.000000000003939 0.000000004388361 0.000000004388429
0.000000000006353 0.000000006992594 0.000000006992663
0.000000000008789 0.000000009557093 0.000000009557163
0.000000000011231 0.000000012067287 0.000000012067357
0.000000000013664 0.000000014508911 0.000000014508983
0.000000000016073 0.000000016868094 0.000000016868165
0.000000000018442 0.000000019131429 0.000000019131499
0.000000000020755 0.000000021286056 0.000000021286125
0.000000000022998 0.000000023319730 0.000000023319798
0.000000000025153 0.000000025220897 0.000000025220963
0.000000000027208 0.000000026978753 0.000000026978818
0.000000000029145 0.000000028583312 0.000000028583374
0.000000000030952 0.000000030025454 0.000000030025513
0.000000000032614 0.000000031296985 0.000000031297042
0.000000000034119 0.000000032390680 0.000000032390734
0.000000000035453 0.000000033300328 0.000000033300376
0.000000000036606 0.000000034020754 0.000000034020798
0.000000000037567 0.000000034547867 0.000000034547908
0.000000000038325 0.000000034878674 0.000000034878709
0.000000000038874 0.000000035011293 0.000000035011323
0.000000000039205 0.000000034944971 0.000000034944995
0.000000000039313 0.000000034680085 0.000000034680103
0.000000000039192 0.000000034218139 0.000000034218152
0.000000000038839 0.000000033561761 0.000000033561766
0.000000000038253 0.000000032714677 0.000000032714675
0.000000000037431 0.000000031681701 0.000000031681694
0.000000000036377 0.000000030468705 0.000000030468690
0.000000000035090 0.000000029082578 0.000000029082557
0.000000000033576 0.000000027531199 0.000000027531172
0.000000000031840 0.000000025823383 0.000000025823349
0.000000000029887 0.000000023968832 0.000000023968792
0.000000000027727 0.000000021978087 0.000000021978040
0.000000000025369 0.000000019862457 0.000000019862405
0.000000000022823 0.000000017633965 0.000000017633907
0.000000000020102 0.000000015305273 0.000000015305210
0.000000000017220 0.000000012889615 0.000000012889545
0.000000000014190 0.000000010400714 0.000000010400640
0.000000000011030 0.000000007852715 0.000000007852636
0.000000000007755 0.000000005260095 0.000000005260012
0.000000000004384 0.000000002637586 0.000000002637499
0.000000000000935 0.000000000000091 -0.000000000000000
-0.000000000002572 -0.000000002637406 -0.000000002637499
-0.000000000006117 -0.000000005259916 -0.000000005260012
-0.000000000009680 -0.000000007852537 -0.000000007852636
-0.000000000013240 -0.000000010400540 -0.000000010400640
-0.000000000016775 -0.000000012889444 -0.000000012889545
-0.000000000020263 -0.000000015305108 -0.000000015305210
-0.000000000023684 -0.000000017633806 -0.000000017633907
-0.000000000027016 -0.000000019862304 -0.000000019862405
-0.000000000030237 -0.000000021977941 -0.000000021978040
-0.000000000033327 -0.000000023968695 -0.000000023968792
-0.000000000036266 -0.000000025823255 -0.000000025823349
-0.000000000039033 -0.000000027531081 -0.000000027531172
-0.000000000041611 -0.000000029082470 -0.000000029082557
-0.000000000043980 -0.000000030468605 -0.000000030468690
-0.000000000046125 -0.000000031681612 -0.000000031681694
-0.000000000048028 -0.000000032714599 -0.000000032714675
-0.000000000049675 -0.000000033561694 -0.000000033561766
-0.000000000051054 -0.000000034218086 -0.000000034218152
-0.000000000052151 -0.000000034680046 -0.000000034680103
-0.000000000052957 -0.000000034944943 -0.000000034944995
-0.000000000053463 -0.000000035011279 -0.000000035011323
-0.000000000053662 -0.000000034878674 -0.000000034878709
-0.000000000053549 -0.000000034547881 -0.000000034547908
-0.000000000053119 -0.000000034020779 -0.000000034020798
-0.000000000052372 -0.000000033300363 -0.000000033300376
-0.000000000051307 -0.000000032390730 -0.000000032390734
-0.000000000049927 -0.000000031297045 -0.000000031297042
-0.000000000048236 -0.000000030025525 -0.000000030025513
-0.000000000046239 -0.000000028583395 -0.000000028583374
-0.000000000043945 -0.000000026978848 -0.000000026978818
-0.000000000041363 -0.000000025221002 -0.000000025220963
-0.000000000038505 -0.000000023319846 -0.000000023319798
-0.000000000035384 -0.000000021286182 -0.000000021286125
-0.000000000032015 -0.000000019131566 -0.000000019131499
-0.000000000028414 -0.000000016868240 -0.000000016868165
-0.000000000024601 -0.000000014509066 -0.000000014508983
-0.000000000020595 -0.000000012067448 -0.000000012067357
-0.000000000016417 -0.000000009557261 -0.000000009557163
-0.000000000012089 -0.000000006992767 -0.000000006992663
-0.000000000007635 -0.000000004388540 -0.000000004388429
-0.000000000003080 -0.000000001759376 -0.000000001759259
0.000000000001550 0.000000000879786 0.000000000879907
0.000000000006230 0.000000003513948 0.000000003514074
0.000000000010933 0.000000006128143 0.000000006128273
0.000000000015631 0.000000008707517 0.000000008707649
0.000000000020297 0.000000011237413 0.000000011237548
0.000000000024902 0.000000013703455 0.000000013703592
0.000000000029420 0.000000016091631 0.000000016091769
0.000000000033823 0.000000018388372 0.000000018388510
0.000000000038084 0.000000020580625 0.000000020580764
0.000000000042176 0.000000022655936 0.000000022656074
0.000000000046074 0.000000024602512 0.000000024602648
0.000000000049752 0.000000026409291 0.000000026409424
0.000000000053187 0.000000028066006 0.000000028066137
0.000000000056355 0.000000029563246 0.000000029563372
0.000000000059235 0.000000030892501 0.000000030892622
0.000000000061808 0.000000032046220 0.000000032046334
0.000000000064055 0.000000033017844 0.000000033017953
0.000000000065958 0.000000033801857 0.000000033801957
0.000000000067505 0.000000034393800 0.000000034393892
0.000000000068680 0.000000034790311 0.000000034790393
0.000000000069475 0.000000034989135 0.000000034989209
0.000000000069879 0.000000034989146 0.000000034989209
0.000000000069887 0.000000034790339 0.000000034790393
0.000000000069494 0.000000034393850 0.000000034393892
0.000000000068699 0.000000033801925 0.000000033801957
0.000000000067501 0.000000033017933 0.000000033017953
0.000000000065904 0.000000032046326 0.000000032046334
0.000000000063912 0.000000030892625 0.000000030892622
0.000000000061534 0.000000029563386 0.000000029563372
0.000000000058779 0.000000028066163 0.000000028066137
0.000000000055660 0.000000026409461 0.000000026409424
0.000000000052190 0.000000024602697 0.000000024602648
0.000000000048387 0.000000022656135 0.000000022656074
0.000000000044269 0.000000020580837 0.000000020580764
0.000000000039857 0.000000018388594 0.000000018388510
0.000000000035175 0.000000016091864 0.000000016091769
0.000000000030245 0.000000013703697 0.000000013703592
0.000000000025095 0.000000011237662 0.000000011237548
0.000000000019752 0.000000008707774 0.000000008707649
0.000000000014246 0.000000006128406 0.000000006128273
0.000000000008607 0.000000003514216 0.000000003514074
0.000000000002866 0.000000000880057 0.000000000879907
-0.000000000002944 -0.000000001759103 -0.000000001759259
-0.000000000008790 -0.000000004388267 -0.000000004388429
-0.000000000014639 -0.000000006992495 -0.000000006992663
-0.000000000020457 -0.000000009556992 -0.000000009557163
-0.000000000026209 -0.000000012067183 -0.000000012067357
-0.000000000031862 -0.000000014508806 -0.000000014508983
-0.000000000037381 -0.000000016867986 -0.000000016868165
-0.000000000042735 -0.000000019131321 -0.000000019131499
-0.000000000047890 -0.000000021285945 -0.000000021286125
-0.000000000052814 -0.000000023319620 -0.000000023319798
-0.000000000057476 -0.000000025220787 -0.000000025220963
-0.000000000061848 -0.000000026978645 -0.000000026978818
-0.000000000065902 -0.000000028583205 -0.000000028583374
-0.000000000069611 -0.000000030025351 -0.000000030025513
-0.000000000072949 -0.000000031296885 -0.000000031297042
-0.000000000075896 -0.000000032390584 -0.000000032390734
-0.000000000078430 -0.000000033300235 -0.000000033300376
-0.000000000080533 -0.000000034020665 -0.000000034020798
-0.000000000082189 -0.000000034547785 -0.000000034547908
-0.000000000083384 -0.000000034878596 -0.000000034878709
-0.000000000084107 -0.000000035011222 -0.000000035011323
-0.000000000084351 -0.000000034944907 -0.000000034944995
-0.000000000084109 -0.000000034680028 -0.000000034680103
-0.000000000083379 -0.000000034218090 -0.000000034218152
-0.000000000082161 -0.000000033561719 -0.000000033561766
-0.000000000080457 -0.000000032714642 -0.000000032714675
-0.000000000078274 -0.000000031681672 -0.000000031681694
-0.000000000075620 -0.000000030468684 -0.000000030468690
-0.000000000072506 -0.000000029082566 -0.000000029082557
-0.000000000068946 -0.000000027531195 -0.000000027531172
-0.000000000064957 -0.000000025823386 -0.000000025823349
-0.000000000060559 -0.000000023968845 -0.000000023968792
-0.000000000055774 -0.000000021978106 -0.000000021978040
-0.000000000050626 -0.000000019862485 -0.000000019862405
-0.000000000045141 -0.000000017634001 -0.000000017633907
-0.000000000039350 -0.000000015305318 -0.000000015305210
-0.000000000033282 -0.000000012889667 -0.000000012889545
-0.000000000026971 -0.000000010400774 -0.000000010400640
-0.000000000020450 -0.000000007852782 -0.000000007852636
-0.000000000013757 -0.000000005260170 -0.000000005260012
-0.000000000006927 -0.000000002637668 -0.000000002637499
-0.000000000000000 -0.000000000000178 -0.000000000000000
0.000000000006985 0.000000002637312 0.000000002637499
0.000000000013988 0.000000005259817 0.000000005260012
0.000000000020970 0.000000007852433 0.000000007852636
0.000000000027890 0.000000010400431 0.000000010400640
0.000000000034707 0.000000012889330 0.000000012889545
0.000000000041381 0.000000015304991 0.000000015305210
0.000000000047872 0.000000017633685 0.000000017633907
0.000000000054143 0.000000019862181 0.000000019862405
0.000000000060154 0.000000021977817 0.000000021978040
0.000000000065869 0.000000023968569 0.000000023968792
0.000000000071253 0.000000025823129 0.000000025823349
0.000000000076273 0.000000027530955 0.000000027531172
0.000000000080896 0.000000029082345 0.000000029082557
0.000000000085094 0.000000030468485 0.000000030468690
0.000000000088838 0.000000031681495 0.000000031681694
0.000000000092103 0.000000032714485 0.000000032714675
0.000000000094867 0.000000033561584 0.000000033561766
0.000000000097111 0.000000034217980 0.000000034218152
0.000000000098818 0.000000034679942 0.000000034680103
0.000000000099974 0.000000034944847 0.000000034944995
0.000000000100567 0.000000035011187 0.000000035011323
0.000000000100591 0.000000034878585 0.000000034878709
0.000000000100041 0.000000034547799 0.000000034547908
0.000000000098917 0.000000034020704 0.000000034020798
0.000000000097220 0.000000033300299 0.000000033300376
0.000000000094956 0.000000032390673 0.000000032390734
0.000000000092133 0.000000031296999 0.000000031297042
0.000000000088765 0.000000030025486 0.000000030025513
0.000000000084867 0.000000028583365 0.000000028583374
0.000000000080457 0.000000026978826 0.000000026978818
0.000000000075557 0.000000025220990 0.000000025220963
0.000000000070192 0.000000023319842 0.000000023319798
0.000000000064389 0.000000021286187 0.000000021286125
0.000000000058178 0.000000019131580 0.000000019131499
0.000000000051593 0.000000016868263 0.000000016868165
0.000000000044669 0.000000014509098 0.000000014508983
0.000000000037443 0.000000012067489 0.000000012067357
0.000000000029955 0.000000009557311 0.000000009557163
0.000000000022246 0.000000006992827 0.000000006992663
0.000000000014358 0.000000004388608 0.000000004388429
0.000000000006336 0.000000001759452 0.000000001759259
-0.000000000001775 -0.000000000879701 -0.000000000879907
-0.000000000009928 -0.000000003513855 -0.000000003514074
-0.000000000018078 -0.000000006128043 -0.000000006128273
-0.000000000026178 -0.000000008707410 -0.000000008707649
-0.000000000034180 -0.000000011237300 -0.000000011237548
-0.000000000042037 -0.000000013703337 -0.000000013703592
-0.000000000049705 -0.000000016091509 -0.000000016091769
-0.000000000057136 -0.000000018388246 -0.000000018388510
-0.000000000064288 -0.000000020580496 -0.000000020580764
-0.000000000071117 -0.000000022655804 -0.000000022656074
-0.000000000077581 -0.000000024602377 -0.000000024602648
-0.000000000083642 -0.000000026409154 -0.000000026409424
-0.000000000089261 -0.000000028065870 -0.000000028066137
-0.000000000094404 -0.000000029563109 -0.000000029563372
-0.000000000099037 -0.000000030892366 -0.000000030892622
-0.000000000103131 -0.000000032046085 -0.000000032046334
-0.000000000106659 -0.000000033017713 -0.000000033017953
-0.000000000109597 -0.000000033801726 -0.000000033801957
-0.000000000111924 -0.000000034393672 -0.000000034393892
-0.000000000113622 -0.000000034790187 -0.000000034790393
-0.000000000114679 -0.000000034989018 -0.000000034989209
-0.000000000115083 -0.000000034989032 -0.000000034989209
-0.000000000114829 -0.000000034790233 -0.000000034790393
-0.000000000113913 -0.000000034393750 -0.000000034393892
-0.000000000112337 -0.000000033801832 -0.000000033801957
-0.000000000110106 -0.000000033017848 -0.000000033017953
-0.000000000107227 -0.000000032046248 -0.000000032046334
-0.000000000103715 -0.000000030892558 -0.000000030892622
-0.000000000099584 -0.000000029563328 -0.000000029563372
-0.000000000094855 -0.000000028066115 -0.000000028066137
-0.000000000089550 -0.000000026409424 -0.000000026409424
-0.000000000083698 -0.000000024602670 -0.000000024602648
-0.000000000077328 -0.000000022656119 -0.000000022656074
-0.000000000070474 -0.000000020580831 -0.000000020580764
-0.000000000063171 -0.000000018388599 -0.000000018388510
-0.000000000055459 -0.000000016091880 -0.000000016091769
-0.000000000047381 -0.000000013703723 -0.000000013703592
-0.000000000038979 -0.000000011237701 -0.000000011237548
-0.000000000030300 -0.000000008707823 -0.000000008707649
-0.000000000021393 -0.000000006128466 -0.000000006128273
-0.000000000012306 -0.000000003514286 -0.000000003514074
-0.000000000003092 -0.000000000880137 -0.000000000879907
0.000000000006199 0.000000001759013 0.000000001759259
0.000000000015512 0.000000004388168 0.000000004388429
0.000000000024795 0.000000006992387 0.000000006992663
0.000000000033994 0.000000009556874 0.000000009557163
0.000000000043056 0.000000012067058 0.000000012067357
0.000000000051929 0.000000014508673 0.000000014508983
0.000000000060560 0.000000016867848 0.000000016868165
0.000000000068898 0.000000019131175 0.000000019131499
0.000000000076894 0.000000021285796 0.000000021286125
0.000000000084500 0.000000023319467 0.000000023319798
0.000000000091669 0.000000025220631 0.000000025220963
0.000000000098360 0.000000026978487 0.000000026978818
0.000000000104529 0.000000028583045 0.000000028583374
0.000000000110139 0.000000030025188 0.000000030025513
0.000000000115155 0.000000031296722 0.000000031297042
0.000000000119544 0.000000032390421 0.000000032390734
0.000000000123278 0.000000033300072 0.000000033300376
0.000000000126331 0.000000034020506 0.000000034020798
0.000000000128681 0.000000034547629 0.000000034547908
0.000000000130313 0.000000034878447 0.000000034878709
0.000000000131211 0.000000035011077 0.000000035011323
0.000000000131367 0.000000034944765 0.000000034944995
0.000000000130776 0.000000034679893 0.000000034680103
0.000000000129437 0.000000034217962 0.000000034218152
0.000000000127354 0.000000033561598 0.000000033561766
0.000000000124533 0.000000032714532 0.000000032714675
0.000000000120987 0.000000031681573 0.000000031681694
0.000000000116734 0.000000030468595 0.000000030468690
0.000000000111792 0.000000029082488 0.000000029082557
0.000000000106186 0.000000027531128 0.000000027531172
0.000000000099945 0.000000025823331 0.000000025823349
0.000000000093102 0.000000023968802 0.000000023968792
0.000000000085691 0.000000021978078 0.000000021978040
0.000000000077753 0.000000019862469 0.000000019862405
0.000000000069331 0.000000017633999 0.000000017633907
0.000000000060468 0.000000015305329 0.000000015305210
0.000000000051215 0.000000012889690 0.000000012889545
0.000000000041621 0.000000010400811 0.000000010400640
0.000000000031741 0.000000007852832 0.000000007852636
0.000000000021629 0.000000005260232 0.000000005260012
0.000000000011341 0.000000002637743 0.000000002637499
0.000000000000936 0.000000000000266 0.000000000000000
-0.000000000009527 -0.000000002637213 -0.000000002637499
-0.000000000019989 -0.000000005259706 -0.000000005260012
-0.000000000030389 -0.000000007852313 -0.000000007852636
-0.000000000040669 -0.000000010400300 -0.000000010400640
-0.000000000050768 -0.000000012889191 -0.000000012889545
-0.000000000060627 -0.000000015304844 -0.000000015305210
-0.000000000070190 -0.000000017633530 -0.000000017633907
-0.000000000079399 -0.000000019862020 -0.000000019862405
-0.000000000088200 -0.000000021977648 -0.000000021978040
-0.000000000096540 -0.000000023968395 -0.000000023968792
-0.000000000104370 -0.000000025822949 -0.000000025823349
-0.000000000111642 -0.000000027530772 -0.000000027531172
-0.000000000118311 -0.000000029082161 -0.000000029082557
-0.000000000124336 -0.000000030468296 -0.000000030468690
-0.000000000129680 -0.000000031681306 -0.000000031681694
-0.000000000134307 -0.000000032714297 -0.000000032714675
-0.000000000138189 -0.000000033561399 -0.000000033561766
-0.000000000141299 -0.000000034217798 -0.000000034218152
-0.000000000143614 -0.000000034679765 -0.000000034680103
-0.000000000145119 -0.000000034944673 -0.000000034944995
-0.000000000145800 -0.000000035011020 -0.000000035011323
-0.000000000145650 -0.000000034878425 -0.000000034878709
-0.000000000144664 -0.000000034547647 -0.000000034547908
-0.000000000142844 -0.000000034020562 -0.000000034020798
-0.000000000140197 -0.000000033300164 -0.000000033300376
-0.000000000136733 -0.000000032390549 -0.000000032390734
-0.000000000132469 -0.000000031296885 -0.000000031297042
-0.000000000127424 -0.000000030025387 -0.000000030025513
-0.000000000121624 -0.000000028583278 -0.000000028583374
-0.000000000115098 -0.000000026978753 -0.000000026978818
-0.000000000107880 -0.000000025220929 -0.000000025220963
-0.000000000100008 -0.000000023319796 -0.000000023319798
-0.000000000091523 -0.000000021286155 -0.000000021286125
-0.000000000082472 -0.000000019131562 -0.000000019131499
-0.000000000072902 -0.000000016868260 -0.000000016868165
-0.000000000062867 -0.000000014509109 -0.000000014508983
-0.000000000052421 -0.000000012067516 -0.000000012067357
-0.000000000041623 -0.000000009557352 -0.000000009557163
-0.000000000030532 -0.000000006992882 -0.000000006992663
-0.000000000019210 -0.000000004388677 -0.000000004388429
-0.000000000007721 -0.000000001759534 -0.000000001759259
0.000000000003870 0.000000000879606 0.000000000879907
0.000000000015497 0.000000003513748 0.000000003514074
0.000000000027094 0.000000006127924 0.000000006128273
0.000000000038595 0.000000008707278 0.000000008707649
0.000000000049933 0.000000011237157 0.000000011237548
0.000000000061042 0.000000013703183 0.000000013703592
0.000000000071859 0.000000016091345 0.000000016091769
0.000000000082319 0.000000018388073 0.000000018388510
0.000000000092362 0.000000020580316 0.000000020580764
0.000000000101927 0.000000022655618 0.000000022656074
0.000000000110959 0.000000024602185 0.000000024602648
0.000000000119402 0.000000026408959 0.000000026409424
0.000000000127206 0.000000028065671 0.000000028066137
0.000000000134323 0.000000029562907 0.000000029563372
0.000000000140709 0.000000030892160 0.000000030892622
0.000000000146325 0.000000032045879 0.000000032046334
0.000000000151134 0.000000033017507 0.000000033017953
0.000000000155105 0.000000033801523 0.000000033801957
0.000000000158213 0.000000034393473 0.000000034393892
0.000000000160434 0.000000034789991 0.000000034790393
0.000000000161753 0.000000034988826 0.000000034989209
0.000000000162158 0.000000034988847 0.000000034989209
0.000000000161641 0.000000034790055 0.000000034790393
0.000000000160203 0.000000034393580 0.000000034393892
0.000000000157846 0.000000033801673 0.000000033801957
0.000000000154581 0.000000033017699 0.000000033017953
0.000000000150421 0.000000032046110 0.000000032046334
0.000000000145387 0.000000030892430 0.000000030892622
0.000000000139504 0.000000029563214 0.000000029563372
0.000000000132800 0.000000028066014 0.000000028066137
0.000000000125311 0.000000026409337 0.000000026409424
0.000000000117077 0.000000024602597 0.000000024602648
0.000000000108140 0.000000022656060 0.000000022656074
0.000000000098549 0.000000020580787 0.000000020580764
0.000000000088355 0.000000018388571 0.000000018388510
0.000000000077615 0.000000016091867 0.000000016091769
0.000000000066387 0.000000013703727 0.000000013703592
0.000000000054733 0.000000011237719 0.000000011237548
0.000000000042719 0.000000008707857 0.000000008707649
0.000000000030410 0.000000006128515 0.000000006128273
0.000000000017876 0.000000003514350 0.000000003514074
0.000000000005188 0.000000000880216 0.000000000879907
-0.000000000007582 -0.000000001758920 -0.000000001759259
-0.000000000020363 -0.000000004388061 -0.000000004388429
-0.000000000033080 -0.000000006992267 -0.000000006992663
-0.000000000045661 -0.000000009556742 -0.000000009557163
-0.000000000058033 -0.000000012066914 -0.000000012067357
-0.000000000070126 -0.000000014508518 -0.000000014508983
-0.000000000081867 -0.000000016867682 -0.000000016868165
-0.000000000093190 -0.000000019131001 -0.000000019131499
-0.000000000104027 -0.000000021285613 -0.000000021286125
-0.000000000114315 -0.000000023319275 -0.000000023319798
-0.000000000123992 -0.000000025220434 -0.000000025220963
-0.000000000133000 -0.000000026978284 -0.000000026978818
-0.000000000141285 -0.000000028582839 -0.000000028583374
-0.000000000148797 -0.000000030024978 -0.000000030025513
-0.000000000155490 -0.000000031296512 -0.000000031297042
-0.000000000161321 -0.000000032390211 -0.000000032390734
-0.000000000166254 -0.000000033299862 -0.000000033300376
-0.000000000170257 -0.000000034020299 -0.000000034020798
-0.000000000173303 -0.000000034547426 -0.000000034547908
-0.000000000175371 -0.000000034878248 -0.000000034878709
-0.000000000176444 -0.000000035010881 -0.000000035011323
-0.000000000176513 -0.000000034944577 -0.000000034944995
-0.000000000175573 -0.000000034679712 -0.000000034680103
-0.000000000173624 -0.000000034217788 -0.000000034218152
-0.000000000170675 -0.000000033561435 -0.000000033561766
-0.000000000166738 -0.000000032714379 -0.000000032714675
-0.000000000161830 -0.000000031681431 -0.000000031681694
-0.000000000155977 -0.000000030468463 -0.000000030468690
-0.000000000149207 -0.000000029082369 -0.000000029082557
-0.000000000141556 -0.000000027531023 -0.000000027531172
-0.000000000133063 -0.000000025823240 -0.000000025823349
-0.000000000123774 -0.000000023968726 -0.000000023968792
-0.000000000113738 -0.000000021978016 -0.000000021978040
-0.000000000103011 -0.000000019862423 -0.000000019862405
-0.000000000091649 -0.000000017633967 -0.000000017633907
-0.000000000079716 -0.000000015305313 -0.000000015305210
-0.000000000067277 -0.000000012889691 -0.000000012889545
-0.000000000054402 -0.000000010400828 -0.000000010400640
-0.000000000041162 -0.000000007852865 -0.000000007852636
-0.000000000027630 -0.000000005260281 -0.000000005260012
-0.000000000013885 -0.000000002637807 -0.000000002637499
-0.000000000000002 -0.000000000000345 0.000000000000000
